7480
10515
29563
18063
15047
16485
23737
15421
15020
4605
10236
8999
16163
5143
21357
17330
22271
6043
25955
11709
8218
15390
8821
17844
14078
21482
13651
6708
24521
15767
14584
15905
20882
718
9104
876
1628
6748
11704
968
5194
9459
16726
14776
15915
11384
22806
1395
4646
1427
5742
18985
21262
15255
12708
26396
25356
20323
21942
17689
2099
9712
19501
6612
6017
26443
23667
10272
6793
16850
1945
4295
6060
11933
2944
20416
20854
23325
14468
833
12235
13155
13975
7953
4031
7506
27673
28250
4766
12277
20713
5527
2025
4634
4016
5571
21855
7073
14858
10068
