6933
3909
24414
8582
16201
20099
7521
1427
19458
20952
18298
579
9519
16489
7235
16139
24099
17241
17755
13072
17921
15198
25790
27883
24889
10901
24927
2344
22734
7719
17861
17607
4461
2688
7382
4374
3889
22109
20495
2183
14291
21862
4345
27676
131
25909
15895
26524
16947
3667
6905
1914
27670
10824
1711
27556
3936
16600
3190
762
13096
10191
26447
3998
11524
1154
29906
19681
21365
12327
11082
7587
15973
11452
5709
26491
12230
19842
4396
19121
18676
23605
20114
7626
9054
8684
20138
5967
11505
18752
4474
10399
8336
29692
11457
12844
27330
18452
3779
6635
19720
5619
18700
333
6061
14396
10688
17506
18243
28355
8004
27964
9498
13862
17022
18649
24
4848
22634
23599
10515
4399
25964
28448
20639
16828
15105
26343
10022
2624
20337
21472
15358
702
6623
18380
15481
9272
15789
27447
20826
2103
29057
14137
26071
2974
7180
19351
4436
9139
22744
7194
25902
26054
18353
18669
29467
16873
25205
21688
21183
13617
20804
9371
21045
210
1566
26881
7171
1764
27292
24027
8825
3715
17960
21171
7358
18097
18634
20466
12014
1192
23475
21658
29152
8935
2355
16573
12578
25331
13914
8174
12997
11723
23489
23238
18801
2635
522
8329
9514
24635
553
9590
16978
1404
28397
29648
11076
3645
15650
13540
28306
25063
27001
13369
28873
26943
14845
4640
28946
12816
6754
12022
10961
29408
16080
5022
2240
575
7639
23942
19907
14229
3839
8666
6336
11328
23759
26083
14491
17391
28092
13674
22225
25735
20615
2414
22063
27821
27726
21922
19136
7688
24849
2219
8999
13853
12613
26308
4109
6770
18241
7023
13507
13771
27849
5206
11413
6898
22964
11968
11588
4598
955
23452
18594
29428
17700
3724
14851
12917
19407
1120
17000
7399
16522
13900
14995
6421
14426
20108
6315
20597
4836
9401
6982
6656
23855
29769
6146
23234
20688
10525
20793
3865
27787
9666
9226
549
28573
4945
4409
29949
9
6562
29377
25413
6922
24007
29532
15260
22490
18826
8484
3197
7614
29957
14664
145
15818
14370
4991
11015
25805
15074
3745
27631
13796
18262
15235
889
28733
12314
2382
18496
2839
11444
1271
363
28468
8970
28563
20351
26349
5101
16283
20795
25683
947
16179
26309
2781
2000
8742
7582
14639
18409
2813
11587
4476
540
7508
6454
3685
22292
18514
12410
1707
6783
2745
21531
4573
143
5459
4641
27708
18124
11893
19113
10238
5620
6655
4225
14530
19953
20928
25214
14085
18643
15042
24337
8968
24661
27650
20054
26652
9772
28019
10363
25194
18841
18429
22547
17035
7345
689
22691
7351
9211
7006
9768
11559
24910
5375
13900
3935
13086
9035
20628
11726
12051
1412
22761
10626
18818
1390
23624
4070
14301
29623
15071
19463
316
28807
17936
26403
17384
9564
18474
26145
26469
21334
16937
19645
28483
5269
29870
8699
8606
20171
20113
12146
9345
18296
14255
23924
29666
14749
18828
21028
16740
21403
2696
29917
10004
21175
1035
2581
23942
11816
3080
4628
17884
26159
28806
14004
24963
29704
21477
26496
10330
19505
27860
1987
18096
27582
25938
3720
23372
29250
297
22297
22166
21450
12287
3517
13981
3610
26413
6738
24948
22827
6644
12043
7617
16459
15847
26686
11992
21702
11784
3757
14261
5834
28581
8748
7820
5559
27854
17684
878
14196
16826
25114
5672
6049
15338
21168
7968
2651
24289
630
21820
7553
20821
2838
20792
23060
11701
25026
8024
18652
4611
11800
16938
1664
26469
19251
20502
15591
20877
13071
9022
11891
14589
3474
29505
23929
827
3744
17287
19692
435
21304
22574
27783
17765
29770
27108
18393
16489
23301
26740
1804
2067
12124
513
1105
13885
6514
3003
16228
27862
27665
28887
2089
26688
18594
3088
4476
20734
1212
21026
28789
8166
7123
27163
6569
18026
29511
20149
22300
24626
4712
24286
24926
9369
1394
703
24778
24989
3874
2531
3577
10103
27077
27198
797
25516
7922
22150
25757
12443
20941
1400
7521
21235
27496
19708
10188
19998
26968
13467
23513
25563
29148
22228
28681
5999
2653
19794
27620
14847
25614
16140
22654
18301
4831
25746
9307
13599
6760
18834
617
2306
21827
24824
11379
3935
4046
667
6930
21232
13863
11953
5639
22332
15180
3126
29732
15913
18089
21906
6956
3009
14767
1058
18121
7364
3043
19616
8840
24994
16393
7372
2972
2319
3588
24878
4625
22437
21832
22532
12167
17267
24074
24066
6660
26667
4991
29635
27288
27307
10129
28258
18479
2972
25170
26048
2741
1791
5811
23249
19885
27454
4824
10318
11841
19014
20270
2626
8972
17359
1145
8206
13173
7686
3240
19664
13012
3196
20609
20805
25478
10336
17455
13430
10778
5147
12076
29826
18039
21794
6655
10159
12383
9526
24843
22229
9016
17600
23811
6252
17992
21397
3487
17202
18010
321
22254
9985
3718
7336
26404
26973
13718
20640
17499
28584
1431
25999
25573
11997
21024
7464
29025
2070
11567
22969
11000
22595
6248
5721
16135
27566
19914
12144
3848
5908
15263
12333
25449
14944
14586
15715
25218
18600
22685
9655
2837
9495
14099
11431
695
26638
213
10956
13597
17269
9401
25229
29784
66
6747
8213
22302
19920
28198
21377
21092
29870
29339
1444
25247
21075
20535
9398
25489
23253
27183
12425
12922
760
7501
13243
11423
5269
23092
16496
10547
6644
21512
18249
18844
21569
5049
3314
27864
13153
21732
10695
8472
26292
10596
19360
25629
5004
9895
20389
21359
17971
24813
14619
27255
18188
16045
12530
22458
524
21648
19986
28819
14311
4805
9026
21780
16098
24396
2356
22267
10133
1974
29426
8251
16080
10973
3457
15213
11212
15286
27581
17921
11334
4046
12073
3004
18644
20862
13104
16215
10048
18577
10249
17737
14583
11539
10887
29498
5915
8329
16683
4989
20859
21933
90
28503
21299
11271
3114
18608
28345
20417
16235
26238
19804
12001
28737
4610
1436
13523
22508
28839
16797
5340
28823
1505
1033
25872
17929
11516
7247
23563
7828
7457
1573
24120
1162
4089
29507
3437
4467
28052
19886
27593
29464
18728
4482
2560
16536
24307
24465
1391
14792
26250
16032
17579
20021
159
16908
6278
19696
21734
12614
29637
29815
4386
26216
4624
254
14283
25098
19071
25685
23304
9138
21535
5155
29847
9745
