28654
28585
23306
29808
13485
13920
5178
9889
20081
7145
15880
1322
22964
29295
16151
26490
1712
27216
22608
6769
21657
5224
23068
27504
5610
10398
21070
25136
5388
18178
20351
5171
6610
18570
27541
5718
17512
12999
4907
579
22228
29338
8935
22096
12438
11665
11268
11671
26632
27525
1648
5044
11245
25362
16120
11400
634
29858
4050
11632
28067
19014
19760
21010
4667
18676
5261
27096
24500
10811
14394
23667
22871
315
6667
15776
23830
21472
10922
14882
10948
1204
8764
15686
19648
15205
24053
17249
6937
18154
15386
19549
20918
14182
5409
13318
10896
13049
11179
25980
20260
19716
20809
9176
24345
29924
14866
2135
2345
10597
16882
13846
27689
852
24852
3360
1814
27348
5558
23214
4331
338
25602
15564
21844
16086
10853
3944
20270
5749
18890
11718
20335
527
11517
18067
765
14164
24927
21832
6845
20758
25259
25175
24399
3667
25271
4556
9222
20887
29425
27891
1050
11501
25418
3732
18562
7514
29448
4708
24285
21295
9985
16784
18899
19951
20730
5575
18509
9723
27670
20685
24868
29172
9613
24387
1233
27651
23591
18372
26904
18619
23400
18172
24458
18481
13446
16678
1061
6080
14497
19763
12184
22761
25604
2253
16944
12403
4694
17900
17541
18622
18103
22050
10298
1354
8863
21459
5374
14551
14238
28324
6683
12859
19909
27838
29221
4649
20715
11306
2542
14205
11742
12223
4265
8239
2499
19950
28459
23734
29217
27274
1026
12033
18791
11647
8083
16372
16289
12432
23431
25119
27893
2664
22511
1584
21649
2756
21236
25307
22338
8322
6918
18487
7187
4755
3585
25257
16429
21434
7848
16932
14009
13829
12558
22537
16172
20339
1651
4882
4721
6130
6205
26240
23391
10648
26399
9248
17424
2201
29932
9736
21748
13637
6699
17633
23070
15345
20710
26058
28993
15962
19994
435
29255
25306
120
10697
17431
23536
6461
1538
28321
10615
7028
14629
5011
1360
9232
17329
19900
1375
19445
8724
17305
11378
1118
12552
27978
7025
16136
10630
21470
2450
6208
29907
15987
7583
2345
11005
2518
14001
11195
13667
4561
16771
27920
14607
27732
19844
804
16405
8521
27135
7219
13988
26070
1379
17785
17408
1356
18858
21201
2739
29559
29326
29601
12480
27510
7412
9263
17080
26082
7983
450
3403
29318
460
11326
20008
6838
25881
2254
5659
21395
8494
10108
22662
15817
15161
18564
29050
1893
14854
12847
1280
9509
27259
8641
15070
6025
14381
16570
10529
22578
20
16284
17809
3163
15677
1333
645
7969
3348
21996
29282
17477
3781
23497
3478
19816
15702
11557
21634
9099
11378
14836
17350
5877
13290
29011
19532
26423
14670
2352
26922
14153
6079
2849
21423
11454
29858
1977
6386
6312
11207
13928
21875
11906
24661
19020
11833
14262
13145
10990
6213
29171
24801
12184
9196
17068
27067
10670
20510
16815
15050
27911
26958
21186
4862
6743
15976
27437
27625
16001
16474
8795
12819
741
7690
759
3416
2981
27731
5882
28828
12672
27133
5801
11340
9754
2057
4205
15427
577
7194
28923
873
28924
25479
4678
11215
26070
8189
10200
27637
2365
1479
281
28283
