17131
10076
520
6500
13432
10868
16685
3352
15768
18174
16130
2963
11373
2844
1090
5158
11226
29081
7914
16330
9076
16442
26171
5382
20009
19303
12869
17148
9094
1526
14532
2173
14306
1715
19855
15925
14761
8158
7565
23347
5622
4628
321
4738
21637
1099
26027
5088
14297
18604
28829
19884
22519
16253
16194
25825
17681
27762
2522
3154
1153
15232
14859
5832
20336
23975
684
13579
19396
603
1706
24327
19333
23602
29462
926
20289
15405
10486
7104
5893
27132
1978
6823
26448
29682
3090
4183
26619
19910
16483
7913
7573
6954
23307
13015
17894
27514
1757
9907
15534
12750
17684
23966
28892
25290
24105
12023
25393
7835
25669
10542
15413
20016
2390
28781
11253
8056
21814
21326
15504
28486
13201
10386
15906
20785
3386
3080
14433
10630
28755
3537
10236
10643
27054
15114
9197
9908
20587
26185
17987
15127
11416
14257
7470
6736
1985
6125
7340
28598
29968
13299
8839
21783
23377
22969
27613
16032
11186
27649
12385
21839
4834
25086
21883
4074
9056
6760
27168
6408
17674
6897
4701
12788
10802
26134
11469
14173
18215
938
29733
21697
6509
7240
8133
28927
6539
9422
1413
23251
26726
19254
752
2645
14643
24839
20624
5929
26088
6623
25919
20242
11923
16544
13240
17223
28570
4537
3446
16056
11213
27080
1352
12723
15630
122
1734
22435
21207
22588
7762
16833
9021
24785
19865
1061
14925
11021
8399
16237
5091
21904
22595
15794
24481
2073
25249
10777
24983
1546
20169
12477
17523
18551
8122
11693
20624
24306
7559
12741
10867
18880
14023
21212
12841
15801
1290
9356
12739
2175
5386
28705
2743
29332
18074
5288
27305
1108
7066
10068
20685
5943
11085
26135
18014
23661
16255
17061
28708
12687
14175
23336
4014
13755
28798
29147
20027
5362
3580
13517
29169
6472
14701
14732
22340
602
19905
17998
17717
20055
9584
21571
14117
1687
5955
11904
24349
3660
20617
2575
13949
26076
20795
772
19628
24480
15304
26463
17874
28324
10398
931
20028
6766
7067
16478
4705
8197
6099
8563
1995
2628
22457
4436
1139
1156
3776
27845
22735
14365
19916
12555
8661
25551
6501
16079
8763
10738
11652
27243
28261
8695
21757
18268
11604
24413
27156
7181
4133
1655
26410
13439
27668
29647
16812
14840
21471
6746
16991
13014
16098
5826
8428
27492
17273
28203
5450
2695
4702
27488
15345
28743
4258
11656
22885
6223
10604
20473
21319
20549
10051
7075
1083
27630
11740
11219
25830
2882
14474
12560
5700
24460
7592
13172
2981
17523
20803
5965
10550
13481
29556
7369
19309
24873
25605
13670
10977
27334
11334
21687
5306
27973
22461
18305
9347
6507
5493
20867
9565
9994
23548
16991
12438
14139
5314
26839
6055
2519
1614
20359
7835
5485
801
26704
14200
236
4217
17640
3312
28244
9695
20263
28373
18358
19991
11563
9954
19097
11869
15043
8389
11760
19629
4915
5451
17410
18833
17468
9641
12050
18252
24305
18076
23669
7115
27980
11867
1246
9419
23327
26113
28540
20265
16074
20100
24153
24146
25087
1475
19286
22380
17067
3067
17029
21701
29279
24475
3147
9601
29882
6266
4105
25413
29231
21118
838
22638
1434
1405
23566
20079
29106
10605
26984
29079
12178
13628
14079
879
16039
29007
13849
15775
237
23444
22607
5143
7281
17264
17048
27129
8402
21927
1618
9803
29730
3437
8436
17096
27208
9239
11018
7295
15758
7684
383
24570
25049
1617
17959
29570
21501
10054
13478
25559
17768
2063
25685
1014
3512
5345
24347
16958
3355
1607
1174
1524
18064
21868
27541
8205
18133
15307
8123
19700
24090
24866
15069
3538
371
15170
4840
11730
19224
297
8015
11254
2211
15467
28385
15896
5562
14056
5980
20750
19200
22331
3043
23200
967
364
26367
4386
27505
5471
21189
20492
7943
20736
14238
5874
4325
14296
16654
7238
16256
24989
12326
12007
25593
23560
11041
654
28809
7615
12878
18090
22596
16055
14723
21141
6039
9728
29515
11288
14410
14131
19236
22975
15930
9387
11085
2303
16137
25476
14974
22260
21963
29628
2403
5163
26533
27899
5278
1959
4058
4855
23021
19110
9329
26563
4193
14876
27247
10435
24563
14300
18240
10054
26753
13264
1809
2474
22106
18906
29860
11752
19013
5942
9741
3840
23483
22576
5964
15453
16454
19862
22969
12093
6010
21800
17113
2755
5352
2234
11766
5355
29855
11349
10676
27625
27737
5915
2948
26729
16305
1774
16368
22090
21325
8185
11100
29827
4992
1395
1859
7457
24208
28334
13068
6317
25294
25651
11565
22666
8787
1092
22310
24437
7295
6148
25251
1309
17291
15996
1564
8764
10841
5491
12774
21165
25236
1050
1842
8649
29134
21016
28455
19048
1156
16041
28227
25289
16917
9620
965
25486
18099
29622
7753
1475
22730
22751
374
29537
6175
10718
25942
2589
7200
21275
9376
27370
28227
23010
13633
7178
17884
21207
11679
26011
14507
10992
10127
3442
4978
10245
15433
1623
11032
10186
26740
19299
18638
2886
13511
8314
19967
29288
13474
24860
17236
29611
29327
4826
330
2663
23299
7625
28368
26023
17542
27399
29118
21261
6223
8163
28956
6057
11112
3848
4192
27167
28279
25122
17751
24793
29891
6762
7807
17
29805
6871
6849
5061
6260
21585
7842
1096
5447
26056
19728
19297
27869
25011
13834
20164
14487
12759
4900
17823
18258
13329
22056
24213
14234
20211
22689
28513
22483
9707
28856
17024
24035
19391
18851
20327
17839
14595
12517
23203
11664
18537
24038
9649
26236
13609
14578
3474
12241
7463
8709
892
26303
26228
966
3884
6067
15479
23994
9789
24071
20255
28799
6273
2047
22640
18170
13478
20620
19346
7377
28580
14769
10609
1224
18535
21107
1033
24723
27624
14956
23177
27903
25119
13962
25569
16431
23899
10062
20721
22155
25153
17448
3033
24725
19214
20418
26693
20372
4703
6026
24776
27254
23294
23806
611
8156
8108
13519
29310
5031
18443
4389
29207
14812
16298
559
27435
12500
25861
25792
21819
26209
8892
17583
14499
15532
10393
8399
19977
5846
27899
15618
17681
12385
28901
22837
443
14244
28078
26253
2359
18205
26222
19261
28015
16268
6899
2641
10774
21871
28672
3896
25150
26206
13369
17942
2942
14333
15427
9002
8121
18726
21699
27381
18311
5636
16199
11453
3712
2740
23331
1186
266
15571
28995
28477
26901
23923
6684
2767
29035
17771
28381
11633
12737
4376
24628
1995
11451
24961
23685
16980
26521
13756
28666
19283
5837
2365
23997
22819
9854
10881
29552
24407
11131
10178
17689
10920
4446
25826
28356
3235
1209
17545
19370
19890
5876
16805
9755
19606
22704
23199
14332
2483
21895
18958
11948
23581
18494
15349
4404
158
28829
8166
7882
8583
27252
21553
28866
6547
18701
23412
10486
12694
10927
111
9100
22408
25571
10755
9758
10784
24199
20026
17136
18967
21987
18609
18898
25271
15314
5459
19516
29936
29838
27754
16978
22723
131
12946
5060
2148
28861
8361
17767
9700
15168
15908
22618
608
23075
12919
3802
23360
19567
28271
1683
11860
10838
5157
16676
1149
9164
15549
1420
17056
25859
28828
26759
8563
10054
14972
19221
11174
27238
27017
13085
19937
19893
21278
13160
2761
2110
29396
6924
9845
28434
7692
7211
15756
17081
26827
21862
10295
28695
17717
5699
15989
6096
16844
14624
559
3242
15817
17460
11121
2778
6085
17923
27856
29896
155
4459
23
1672
18299
15583
27163
17597
18638
2456
28654
23546
22912
3489
21762
10874
1604
18063
4890
11146
29070
11688
26668
4613
1988
21277
19059
25165
23688
22383
20878
18597
112
14774
14760
5867
7553
23856
10786
28855
8717
21264
26688
21407
8524
28248
23465
25724
18598
22922
26221
7976
22608
24032
4085
5012
12951
91
9826
15849
16401
29170
1132
18843
22985
25567
4258
26447
21237
705
26116
3515
2416
20430
17377
7243
27371
1108
18419
11027
15477
5143
2265
24962
26341
5068
17165
19521
4166
9499
16218
19010
3149
19082
4451
11002
9933
22918
1908
20439
23271
4854
20376
23630
19858
17635
18296
27727
8104
24436
6034
11659
12409
3609
5554
2498
28733
972
24750
6801
20058
5221
8716
16834
17576
16376
8617
25442
22842
8541
12996
12469
17625
22935
2665
4528
1122
5635
15530
17069
7919
16468
1601
10865
1103
694
1472
29656
12739
4663
4339
24197
10036
26724
7189
20092
7255
7116
7147
23847
16653
17242
24907
28265
21912
13484
9654
8733
1289
22429
28927
13356
24711
28323
23968
19557
27753
20745
10932
19198
13059
18401
25511
27130
28280
16918
15793
11247
9346
23433
28807
28872
15800
79
6829
3000
25904
1785
23129
13435
25872
19777
3781
5172
13397
24773
5899
12359
8304
12091
29787
18905
13299
5992
24958
16830
23214
19621
12232
16648
25035
16371
9592
28098
21643
5665
15260
3233
7087
13623
22174
8973
14517
10165
16828
4452
4145
27331
753
23711
16172
22688
18580
18276
1801
20501
22779
390
3931
4608
11428
17203
12644
983
29694
16529
12946
11397
21989
19932
29788
16172
2482
22332
29640
29631
21324
24051
22082
6314
26753
16592
16607
19162
13628
16092
11088
16403
24398
6779
5565
18806
24716
26262
26544
9321
2588
18588
11773
28892
5244
20843
18795
6703
3697
6581
6629
28889
26739
18620
8463
1095
5841
11126
21130
18845
2243
4361
12908
5997
2068
8917
18387
16512
17128
21961
12615
13204
18563
9981
19910
28319
18836
28679
518
23966
28187
2932
17838
3443
16693
25911
7967
13801
1534
3300
6907
29994
25509
15179
20905
25047
21376
21738
26607
427
13065
7034
5728
11083
7255
22983
22894
19094
24811
1034
29630
23602
5193
12011
18733
15705
21553
22990
9791
13311
20256
28013
22631
27329
9061
1438
16972
1331
10426
14325
25899
1802
13304
4832
3663
13410
24909
473
14449
12154
13489
5304
15326
15278
15818
2155
26979
3249
2078
22321
3236
27374
26853
12352
26941
17245
28082
20655
8292
10939
17525
9670
15134
7889
19818
6425
5558
20151
10516
16369
19912
27512
18910
28644
5080
18797
23151
19061
6474
6739
13285
18249
19897
16088
17683
9576
22529
11386
9571
14086
17899
7930
26021
27181
4363
24115
13959
16610
5774
13768
29514
8761
12611
22920
14615
3740
29702
23733
3294
14351
29508
20469
19881
16337
3685
25895
2852
12086
6935
2726
21814
13693
19807
5702
1054
13052
22127
24967
18801
19052
4675
1484
26473
11340
23607
12119
5273
27370
9664
14746
25760
22131
1903
2092
25598
1237
1010
2436
22067
24479
15758
25877
21276
7557
5624
28116
590
321
24528
23859
9347
11117
22849
11282
24640
27261
18930
27058
8681
16513
25400
5060
11721
17570
16539
19515
26983
17367
14352
7278
15097
8950
7900
28738
8578
9379
15528
4292
11901
26955
1503
17278
600
18088
11613
15054
8418
2595
18820
384
13050
12465
11929
20525
11109
2725
10207
15802
23662
12206
13313
2509
17575
24464
11623
27619
27932
701
27086
15559
15423
4586
20936
27579
2212
27483
17427
7265
644
20132
5939
20696
4463
15832
28538
2246
18813
23090
4031
13035
14731
29112
9745
9444
10900
14952
20635
17176
15013
4958
1726
4899
17000
1982
27510
21
17129
20884
28506
11327
15886
8857
7002
11593
14000
7758
2227
10100
13920
11791
26114
15454
26965
8879
3890
5821
598
4019
13060
11357
4874
7120
24165
27811
4298
16604
28892
15312
2943
11010
19027
27247
25400
20190
21834
18882
26287
685
23719
15410
28673
18691
29385
18265
15905
7621
15393
29504
13612
20603
5760
18106
14732
13873
28083
9124
28988
29763
27852
11512
27461
12466
25772
8266
5420
22374
18860
21077
18456
27098
26912
1001
20869
14948
11399
9266
15058
11460
28789
17258
13855
10005
14785
14021
27399
20206
4905
19221
5114
20034
28735
14183
5736
1390
19194
24420
25887
1081
28939
6788
14132
52
18085
19670
21000
20597
766
3849
24197
22524
3169
23956
6419
4001
16381
4788
5411
16001
21879
14643
14612
7815
11488
10110
15515
2244
9182
16932
25138
486
10337
25693
24665
24128
26750
2277
28470
20525
20546
96
22137
15000
4823
4876
9486
24894
20787
19061
12596
17533
4774
12823
12199
21487
4732
19259
7206
19524
28193
9840
27479
20717
21121
26941
24621
26776
7918
6275
21571
4777
19034
7805
5639
25236
17713
26206
19994
29403
4441
22587
1423
8709
11902
13798
9218
19992
15564
19754
8165
4575
22031
19867
10496
4654
16920
11271
26101
12657
13454
1831
692
11296
9938
11739
2143
13788
28356
10081
2433
27254
19233
28733
29344
26965
2297
23573
5742
28406
23672
25934
11057
18552
25412
5827
29840
2823
26494
16054
6973
26217
8075
297
6105
18086
24121
10274
14383
24247
20333
1638
21061
7664
29080
4707
25863
28213
23791
2724
28612
5587
15873
19591
14936
24309
13606
10083
17147
24598
18194
2804
4899
15278
20862
28736
13087
12328
26101
10062
9042
27016
25158
11089
18410
8736
12801
19357
23523
14566
26494
24986
6026
29778
25331
16992
12182
25857
20233
21778
1161
12016
12180
17166
26370
11912
19017
629
5162
28381
25881
5574
4490
4513
11081
3398
9198
20502
2363
22354
2912
4618
9564
28798
7599
21436
11418
10450
4720
14619
19473
3343
341
10849
8417
15322
14205
27906
24884
2323
29803
9902
9967
12181
5250
24571
6482
7055
25927
7642
21251
27218
10915
11447
27543
15942
3619
23912
16598
7958
4115
24434
27933
18755
777
21441
1130
26223
7217
15424
17307
19561
13355
11212
9941
17716
17559
9843
18842
19034
17665
14885
15313
16457
29249
8632
19866
3522
15744
15299
23597
1560
17552
9680
28450
4583
16400
9290
8520
25230
21378
28353
6706
18876
1748
7078
11413
20948
20617
16414
13482
22288
15987
14764
9947
22804
16269
24842
20993
21117
27369
3061
7607
24159
23830
7388
27543
21889
7441
24192
5195
4371
8344
15718
27698
19236
27912
8909
24233
2562
9242
29614
3180
4276
27834
15427
2056
24893
21360
28021
23653
6282
19202
27349
29851
413
1227
9035
11668
22966
9371
28504
21535
8747
25695
7505
4700
15696
23891
15231
833
5378
14570
24725
19658
22824
6930
28594
7852
3011
23078
3271
8186
18004
7761
25887
24916
9712
15662
25462
7939
28068
6299
1919
4231
9100
12544
19919
16046
7377
9612
12676
16762
23998
28768
13348
6192
20161
8404
19040
27473
2716
16340
11494
9116
12622
10744
27304
6394
28750
21864
15698
9134
11370
13736
23638
172
5726
1347
9922
25171
17793
13856
24036
28479
2087
23594
25083
14259
13803
29056
16067
3200
14445
15314
17516
638
10941
15497
11827
10615
1426
18967
2881
20395
6593
20776
16015
7009
22952
24279
655
7472
25330
14294
11921
29842
20084
25057
6415
266
9822
27765
24515
6305
16325
208
20647
5080
24889
17030
29605
9912
28066
27301
3492
18648
8144
26874
2838
5755
8461
11274
16605
8069
27024
20821
24689
17210
15925
16918
9515
948
24201
22777
3786
28727
18737
8104
757
18898
24255
800
20197
4531
22092
14943
25606
11419
14693
22207
7580
6056
20044
16476
7999
12816
2929
14360
21789
11142
15549
14554
10604
15611
1259
11520
13988
24547
28733
27418
4211
24464
15544
28819
27842
17694
359
3583
4490
1731
24578
18228
18892
9064
19283
13585
19410
16529
4021
12961
14025
2494
29773
11857
25204
29733
26312
4344
6664
7372
17594
11216
21390
3664
819
15891
983
15691
10584
10721
19311
1309
6482
20508
25372
14349
16537
20296
3354
10728
25459
10944
22633
22889
20228
21232
81
25374
19615
3959
17384
8015
15601
15146
11817
6281
11020
1212
27976
5949
12992
22158
889
17942
5900
11116
24724
20411
29912
10366
29462
14294
23666
15249
17787
25917
24240
1835
248
2182
7030
12413
4405
10861
23689
12699
26857
12458
29695
26934
5985
14696
25006
15949
29158
16654
20799
8772
27005
26417
19352
3131
4614
9790
8853
10134
2517
19844
9213
6559
2613
18346
21368
14334
10051
9628
16300
12946
27377
24281
16632
12336
23783
1644
7100
24790
3253
29753
8769
18931
32
23435
9960
21247
1272
15664
29690
7571
26126
8690
23825
21895
16219
16546
25814
9759
10074
17777
23718
20399
16398
29531
4630
17602
11015
25882
189
2727
4944
15236
21155
27368
14043
23088
20166
23064
26552
14397
11547
17493
13428
1413
23956
8299
23564
293
14665
3402
22493
22240
15413
2847
29335
27284
20158
21348
1513
11125
27212
24532
12147
8998
20768
1930
28691
23529
4834
5617
17678
29164
5570
12114
5714
18328
23245
23332
18728
17061
4557
17118
12227
6402
3017
7697
12013
22805
17511
5788
8544
10517
19132
28402
5563
22694
22425
18617
6889
28697
22230
20598
235
29844
21472
18039
28355
9282
22264
17359
14651
13216
318
24123
14053
5456
24079
19213
21835
7487
24764
12506
7494
16516
5779
27716
15358
7158
9249
12215
12023
8132
13294
7196
20672
20296
9351
9060
24536
9013
26769
26066
3453
18844
21686
10996
11455
28444
11339
8666
8611
3864
11613
25675
2294
27027
24384
23729
1596
12021
11906
6641
9564
19947
28522
13185
27439
14260
23318
12297
26200
23464
13552
26812
27693
3717
7518
9445
29695
20997
7851
21483
9763
8161
11905
12834
3595
25110
6414
13870
18962
17586
10903
14551
5920
21973
8605
11391
26092
15507
19494
16184
28839
13228
5834
202
3709
27182
1226
584
18665
11561
19514
4310
22267
5676
19040
13861
16462
897
13231
10083
26819
23374
27975
8579
5751
29304
15587
23752
5681
17348
21217
9467
8726
685
11532
24520
17208
6442
19403
15477
1277
6546
29006
1596
18714
3748
7692
13831
1321
29727
20213
29927
6556
3445
12315
28528
24695
21705
5850
1128
8851
20732
15937
21367
16015
21016
29858
10870
20721
3346
21576
25503
2017
6647
27790
25697
9184
2833
9746
29141
28301
16654
19739
8539
1363
11880
9059
15443
8754
12022
12638
20096
10042
6966
4490
28730
29706
22064
24137
24417
22003
27173
6871
9782
12675
1703
19720
24104
29765
19700
27966
14675
26898
22456
23821
1824
19777
19227
18972
9030
6179
19329
25505
4638
1503
18969
5107
2805
10649
16377
28107
23640
8444
1256
5559
20372
10270
23318
16652
2693
1424
21043
29518
15015
7888
1902
1296
12682
5007
17762
14705
3006
951
56
14015
15606
22495
11154
17797
26550
3901
15864
16233
21920
14155
16192
27949
25730
24471
11835
10666
7961
6875
27583
5912
15816
14093
6273
2877
476
23073
2206
6595
12493
11621
12553
4452
11314
4894
18717
7207
9534
3760
13615
6348
18975
3454
13189
27953
19247
25681
20469
25770
29429
970
23544
10448
28374
15786
10522
13986
22458
6891
24031
2557
7733
14423
27505
11881
1874
24634
22255
26527
24986
22052
23409
3518
7038
523
6898
29724
15870
20953
6523
20530
27929
17924
9553
8505
3659
8548
18975
28205
3785
2769
9754
25074
19077
5415
1006
27155
13711
6381
1206
29112
7822
29435
12604
5906
15793
23174
12837
10525
28936
22172
745
12737
7558
19319
21081
29288
19675
23005
8958
17565
27415
8047
8433
24977
26903
13447
11098
5261
12611
2533
3085
7138
10543
17512
5110
19284
1922
4731
13984
3334
22770
20089
11914
13686
115
18859
12834
19274
6943
5495
7094
25534
4847
4724
8031
9436
19095
29511
24107
21344
17977
17151
25861
1458
15571
6254
5673
8995
29967
2615
24064
1134
20840
5705
4418
4927
17563
6464
5524
23032
27280
8467
17514
17597
3102
24632
265
16927
11604
10255
7191
21474
15615
2579
10266
4201
11884
28209
3814
23855
21240
6121
28164
24861
17089
11155
25367
5572
1608
29
26759
27377
2598
24386
16130
11484
1573
23809
19223
16916
9628
15781
16738
11724
11064
2754
27325
28466
23147
13886
5664
16118
11261
23334
2942
23572
20422
12747
17075
15382
21556
3743
2362
22877
19510
16231
7185
2025
22758
8191
29165
28315
27919
10918
15063
7371
23444
17667
14713
28446
21281
28635
27390
28334
29221
23517
7771
17917
10268
23512
6451
26558
462
14727
1014
23813
10676
26388
27681
26005
26386
424
20184
18175
21298
27616
29708
4925
18126
9758
22912
3662
331
22445
6742
4372
22601
20206
7555
25275
12553
17056
14514
14377
27623
29578
22600
23797
15060
23318
944
1190
9646
9698
16540
28972
26422
440
29718
15778
1798
16037
25265
13234
11873
25734
15461
108
22298
20766
25993
9366
23546
2512
25756
10612
14393
17067
748
10875
13496
8090
25163
24585
9190
9092
17482
4924
8210
17648
7108
17212
300
2562
3231
8938
19893
17953
3728
19292
16964
6673
10050
28144
15809
12198
2962
29761
18892
16728
13298
19353
18263
12146
11005
20034
8788
2184
28094
19696
21930
11731
29430
11184
14781
20427
15061
2659
22137
21519
6641
26789
20568
26815
28642
7362
11050
1629
4781
2730
22109
2006
27015
15500
15779
17109
27407
2856
17930
9135
25537
20339
19596
15997
13732
22888
2743
25781
4147
20218
20667
7617
16467
28299
23175
15204
4113
10890
12248
15452
12322
29973
25485
51
7373
16529
4223
4158
11195
15129
26596
14240
26340
5908
22471
11314
23577
9581
22825
21157
24361
26076
10766
29450
3920
28434
12316
28011
2405
9384
222
28899
13269
22814
12105
2270
10088
3843
3699
22714
14845
24375
804
13317
13356
125
3679
25898
6783
20987
26163
15291
3185
8072
25448
1891
27216
21293
5283
8010
27834
11279
10825
8694
14504
18224
22457
8538
15903
11029
20681
21862
11893
28036
22131
4929
29829
24736
8352
6050
10649
23983
10697
11781
3071
16618
27675
24042
23904
8650
3999
5290
20559
791
17892
7548
17371
21905
3904
7427
26949
16179
22761
29025
15917
20016
4611
3557
19772
27466
23089
813
362
12335
12893
4833
3752
13052
10695
29242
3132
8919
11175
4708
13161
11673
20122
13531
25036
29711
10592
10969
13972
27139
28179
28056
14445
2176
303
13892
27406
4345
27534
15682
11142
603
2850
25097
23534
3280
12478
10452
2674
5991
9893
26512
13505
18332
18945
9146
216
23189
365
17979
17
7764
2338
22614
13054
20923
4585
14730
25342
12339
28953
8377
27614
25465
24943
27179
9879
2082
28749
7255
27455
15821
22003
5829
27393
21542
27591
10848
306
22934
25167
28829
6008
19179
28085
8190
18211
14814
28834
17066
2349
12929
15522
11009
3188
4346
27060
23523
920
25291
26518
27086
1562
18863
28462
3355
12798
4745
24249
6568
23654
26329
6200
12850
22848
18951
24596
29556
7145
4854
2580
18855
2012
24061
9995
14467
8529
7242
25492
4714
17702
5411
11869
26807
22291
18983
2676
5029
25527
24890
975
27800
2345
24786
23891
16393
22814
5944
29101
16555
29683
28166
22304
27160
16952
15851
4680
17041
3729
12195
11794
26910
1733
16238
19269
11274
13830
17688
9469
10468
6767
14348
19104
26781
4937
3569
19227
15836
2124
13072
12845
12087
13874
15457
13622
22127
27900
8565
27435
15642
25728
23385
23646
10942
17968
29001
2881
20585
10335
7756
11099
1119
13431
19730
20519
13494
19723
2126
4812
6720
17562
28345
23195
26710
12612
18207
15078
5136
19134
29802
17626
15185
19817
10037
21555
21232
4915
25724
26945
3774
24283
21477
27706
1582
20178
3502
21525
7802
6003
22223
1466
24198
13723
17014
14699
12085
25304
2762
4224
3296
8680
12192
24749
10382
24180
1638
17537
276
3794
12970
14016
1484
20498
7536
13900
8142
27792
8908
25410
24082
19520
17181
5688
16107
21424
2644
14970
15124
28677
15997
12102
13381
5180
12050
7498
10862
29199
2206
29216
19859
25708
4465
4992
26574
1802
6392
9630
17907
2304
19287
13075
25617
19963
3336
28376
88
13507
15330
27119
3900
1515
17950
13011
28059
26395
12550
9586
16335
12713
14709
737
21572
19206
7356
11996
4935
448
11735
5440
15840
14239
16169
19717
4075
4689
22533
13803
12933
11716
18530
5814
23669
29978
10225
21531
28493
21251
6074
20037
8240
549
25596
15899
19387
11251
20940
21104
4148
6688
9032
1279
28692
28275
16463
10487
15546
4494
10958
7198
23040
22035
29993
23907
368
10494
8797
12276
12499
24622
23813
27766
38
24045
7659
7960
28400
20652
19526
1875
1606
22131
17624
11630
23686
19318
14892
14993
22466
6619
1585
2319
15106
29052
11226
26516
18546
18812
26644
440
8895
27543
24017
16750
4435
25147
22069
18306
23332
29779
25490
7069
15325
10955
285
25049
2989
3350
25774
25958
15177
25467
27479
23528
21532
10195
10205
960
9471
19826
25507
20402
12839
21293
12773
6658
25699
1419
27149
19873
14306
25322
268
21240
26052
449
12098
1107
3620
24297
12363
24108
11904
1162
28806
8670
28508
19887
29662
11103
10944
18964
20044
6338
25007
27926
21131
12892
28034
28118
8905
14757
29806
28396
5906
15521
13689
4880
18630
7617
2663
8942
28703
1696
9502
3334
7582
10226
27408
1022
16914
27797
26455
13709
17024
24694
5175
22531
576
14489
29774
21502
4694
6906
27035
9545
1349
26499
6469
1496
2863
10534
560
5142
10639
19664
91
9598
3587
26359
1620
28771
15099
27085
5360
5057
23252
23860
21294
13019
16542
1642
2676
26939
8469
8306
24482
7013
20406
20156
22227
14403
19103
28448
25140
21024
25631
7848
16859
1468
21054
4885
5491
7828
23177
17540
12268
6948
13827
10323
18083
17
6997
10094
12767
4353
3621
24393
19543
14096
1260
10791
14379
27028
1033
24159
10337
6320
11750
2181
1274
13979
1127
6674
12200
26220
11228
1384
23694
13471
16544
23388
665
25741
11296
18996
4643
26885
19267
14712
28760
24574
17375
16577
114
26498
22348
17928
29426
7380
14190
12762
11664
1728
12522
26427
9081
5078
13775
23189
6462
25800
29960
6741
23862
9471
24904
11496
11591
22346
13045
2944
15796
15367
16179
21420
29977
5904
6425
21520
3270
4166
21626
18268
16450
16149
5994
24594
4072
19583
19438
21324
25870
12087
2596
8206
7177
20506
8270
11736
21741
2936
27821
10522
18104
26724
454
23352
14089
19039
26708
6418
15064
5464
6845
27332
4258
22825
3781
7567
1351
29583
9398
10041
10267
19936
5725
20856
24870
22110
9755
4818
4972
24198
12550
5379
15223
8722
18981
25897
21031
13586
7444
19279
17718
29895
2814
16699
21289
4060
22648
9490
21844
596
26952
21426
26306
27283
28363
13588
5299
23176
14387
14926
11673
25541
28915
5356
19533
14921
16824
27284
5250
7114
17170
20397
9840
6369
25804
3825
19904
5101
3234
1143
1969
337
904
17662
18203
23925
10493
10380
25707
15872
21126
21745
23282
21723
3869
16409
5364
2279
18976
19507
1281
10818
8319
26667
24207
21344
2110
23270
10926
23193
24956
1185
15907
15971
16898
802
25340
4540
11800
14320
19869
9561
1164
28641
7167
15386
1992
3003
15816
14413
22112
27311
19384
9727
17062
7621
27676
3024
23881
2035
26009
5976
13034
1162
12235
4932
739
10926
23187
16394
1623
16609
5042
1088
2428
21879
17095
24374
29747
9603
4290
29705
29573
25459
24756
19188
15713
23471
11215
17341
19308
5744
25814
14785
10647
25694
21957
11030
430
8366
12990
23466
6145
15178
26955
6371
28913
26156
20630
27739
24572
26755
1127
5822
10621
25898
24386
14278
21798
6225
27343
4874
12826
28595
17206
25992
17844
26267
22711
23043
5385
14180
5916
1703
11999
13297
4874
9468
17028
15544
10229
13901
27448
28117
11343
11193
24224
1890
23872
10435
21648
5972
26296
12886
19672
4853
10790
23411
16614
11164
18557
17635
22383
21105
20189
14460
27450
8465
6422
2841
20070
8535
3676
12447
10896
29923
19833
9373
8047
18928
8617
1731
878
16129
2070
12519
16804
19231
10156
17451
23315
12634
17852
22540
28476
5002
24138
28711
18973
29661
24484
24351
14445
27247
27119
7080
29851
28320
15694
29324
17028
29311
12081
4669
1329
18519
24161
23148
29175
22854
21774
16329
22776
6295
17754
19686
17196
5846
28657
3186
19148
1558
10248
18114
24152
2121
17632
13291
28528
8385
12207
2971
11100
8058
6466
4631
21435
9774
29901
9022
22208
4572
19694
3441
20004
8270
23131
28210
6603
8450
12052
16065
20514
5421
25014
22715
1514
1023
13465
19209
10372
9304
28925
21175
17273
27374
22974
7010
185
742
19053
23134
2969
23718
18725
23012
1800
26541
16252
22701
12470
20486
14932
28639
14891
29164
28559
26430
18061
59
10972
11244
22848
1841
1143
10150
11198
25381
23844
25741
9654
13745
16967
23186
3569
29863
22844
5125
10356
4
7990
29491
4451
28609
19946
20270
12538
20313
2520
25018
26892
4399
14979
20190
29748
8606
20668
18614
29998
12076
10317
5397
20769
3259
25527
18713
21798
14508
9067
25530
29794
12068
9093
499
11226
21544
3247
9581
23157
25357
87
8422
19075
6705
26192
25552
21158
24198
15943
18980
15126
6655
25840
7853
29147
6620
3437
13771
28844
13207
29487
29748
5491
26194
6244
14442
24197
19376
6378
555
16487
23235
10052
24806
17808
14342
26104
14028
17564
2898
1826
10141
17755
14047
13209
23758
18647
17337
3628
5157
15200
10091
26552
4056
6605
25500
24761
2465
2928
4923
16528
591
6956
15198
20920
2118
4752
19913
17728
21636
2466
9791
16215
11831
2427
27528
24754
21757
2625
4272
21420
14374
20707
22495
18792
15178
23890
11814
2453
8019
12846
23840
10179
226
3398
12729
26684
22373
29854
3518
21178
13536
322
25909
20907
7855
5613
9190
24392
22028
686
16518
13661
23398
2515
13234
6350
7104
22262
13270
14050
11403
3774
3238
21010
17089
8918
3290
17589
18134
3327
19707
25038
18404
7162
6948
25484
7396
20978
15184
1283
25648
7191
10953
27083
22915
27004
16853
4
13571
337
21861
28123
18455
15527
20435
25148
8193
1996
1863
13916
8253
18092
9711
4175
27862
26172
3507
24719
21707
28327
7498
50
3530
12116
28843
5374
10777
14756
5734
5512
28637
20609
26214
17821
5303
2377
26774
29939
22630
5091
6848
23448
28925
18033
21202
26908
10061
12513
22766
9834
24786
4757
2012
3657
15550
29323
10745
2287
21726
14841
1401
24870
6308
27412
424
23265
23708
25412
21830
8274
2253
13259
29439
8881
1150
7908
21532
5406
23672
17888
4595
15621
4419
13614
4676
16817
4733
16494
4415
3497
21054
18191
28783
9992
3024
28610
18487
21076
3718
26694
28484
8899
26485
18503
15462
22226
26682
18600
16746
4072
13400
6368
27480
11145
26328
17567
5279
9536
5364
7628
23116
28400
515
16856
24280
15803
15663
23197
16107
22301
9995
28326
2906
12290
8068
1290
23730
24829
29777
14726
7620
20393
10804
7128
26469
2804
29268
12581
3347
2710
591
19608
5320
18129
12861
7531
19089
26068
22601
5372
10136
3580
10557
24487
21525
24953
28222
28970
10739
6543
16442
18280
1404
20314
22328
3541
14408
1818
25842
28540
19854
2649
28030
5345
22569
2523
7208
3990
23673
24766
10109
14059
23104
3127
28922
939
20841
21230
11624
12838
10976
6314
27822
5253
12017
29262
19232
18300
25228
8511
26923
19587
4629
6430
15175
19486
2263
7777
6555
18278
18259
2050
20294
26560
25393
2713
21289
6711
8532
24403
8440
16293
15181
21134
21521
3827
8743
2704
20849
2245
23291
29334
28131
3574
6662
12156
10133
14777
4629
8409
27023
25738
16589
2022
23740
18540
23976
14426
24425
10362
12004
1619
28410
23847
16378
1429
17855
902
24009
28721
11293
16051
3440
16238
19771
22698
16965
27744
21742
18811
6012
7809
15416
10100
6040
5575
5107
15015
20534
